tx:
         0
         0
    0.8500
    1.7000
    2.5500
    3.3500
    4.1500
    4.8500
    5.5500
    6.1500
    6.7000
    7.1500
    7.4500
    7.6500
    7.7500
    7.7000
    7.5000
    7.1500
    6.7000
    6.2000
    5.6500
    5.1500
    4.8500
    4.8500
    5.1500
    5.6500
    6.2000
    6.7000
    7.1500
    7.5000
    7.7000
    7.7500
    7.6500
    7.4500
    7.3000
    7.4500
    7.6500
    7.7500
    7.7000
    7.5000
ty:
         0
         0
    0.7500
    1.4500
    2.2000
    2.9000
    3.5500
    4.2500
    4.8500
    5.4500
    6.0000
    6.5000
    7.0000
    7.4000
    7.7500
    8.0500
    8.3000
    8.4500
    8.5500
    8.5500
    8.5000
    8.3500
    8.1500
    8.1500
    8.3500
    8.5000
    8.5500
    8.5500
    8.4500
    8.3000
    8.0500
    7.7500
    7.4000
    7.0000
    6.7500
    7.0000
    7.4000
    7.7500
    8.0500
    8.3000
tz:
         0
         0
    0.0600
    0.0900
    0.1500
    0.1800
    0.2400
    0.2700
    0.2700
    0.2700
    0.2700
    0.2400
    0.1800
    0.1200
         0
   -0.1500
   -0.3300
   -0.5100
   -0.7200
   -0.9600
   -1.1400
   -1.2900
   -1.3200
   -1.3200
   -1.2900
   -1.1400
   -0.9600
   -0.7200
   -0.5100
   -0.3300
   -0.1500
         0
    0.1200
    0.1800
    0.2100
    0.1800
    0.1200
         0
   -0.1500
   -0.3300
rx:
         0
         0
   -0.0026
   -0.0047
   -0.0068
   -0.0089
   -0.0105
   -0.0115
   -0.0120
   -0.0120
   -0.0120
   -0.0110
   -0.0099
   -0.0084
   -0.0063
   -0.0042
   -0.0016
    0.0005
    0.0031
    0.0052
    0.0073
    0.0094
    0.0105
    0.0105
    0.0094
    0.0073
    0.0052
    0.0031
    0.0005
   -0.0016
   -0.0042
   -0.0063
   -0.0084
   -0.0099
   -0.0105
   -0.0099
   -0.0084
   -0.0063
   -0.0042
   -0.0016
ry:
         0
         0
    0.0005
    0.0005
    0.0010
    0.0016
    0.0021
    0.0026
    0.0037
    0.0047
    0.0058
    0.0068
    0.0079
    0.0094
    0.0105
    0.0115
    0.0120
    0.0131
    0.0131
    0.0136
    0.0136
    0.0136
    0.0136
    0.0136
    0.0136
    0.0136
    0.0136
    0.0131
    0.0131
    0.0120
    0.0115
    0.0105
    0.0094
    0.0079
    0.0073
    0.0079
    0.0094
    0.0105
    0.0115
    0.0120
rz:
         0
         0
    0.0052
    0.0094
    0.0136
    0.0178
    0.0209
    0.0230
    0.0241
    0.0241
    0.0241
    0.0220
    0.0199
    0.0168
    0.0126
    0.0084
    0.0031
   -0.0010
   -0.0063
   -0.0105
   -0.0147
   -0.0188
   -0.0209
   -0.0209
   -0.0188
   -0.0147
   -0.0105
   -0.0063
   -0.0010
    0.0031
    0.0084
    0.0126
    0.0168
    0.0199
    0.0209
    0.0199
    0.0168
    0.0126
    0.0084
    0.0031

